3.0347e+10
3.0699e+10
3.1054e+10
3.1414e+10
3.1778e+10
3.2146e+10
3.2518e+10
3.2894e+10
3.3275e+10
3.3661e+10
3.4050e+10
3.4445e+10
3.4843e+10
3.5247e+10
3.5655e+10
3.6068e+10
3.6486e+10
3.6908e+10
3.7335e+10
3.7768e+10
3.8205e+10
3.8647e+10
3.9095e+10
3.9548e+10
4.0006e+10
4.0469e+10
4.0937e+10
4.1412e+10
4.1891e+10
4.2376e+10
4.2867e+10
4.3363e+10
4.3865e+10
4.4373e+10
4.4887e+10
4.5407e+10
4.5933e+10
4.6464e+10
4.7003e+10
4.7547e+10
4.8097e+10
4.8654e+10
4.9218e+10
4.9788e+10
5.0364e+10
5.0947e+10
5.1537e+10
5.2134e+10
5.2738e+10
5.3348e+10
5.3966e+10
5.4591e+10
5.5223e+10
5.5863e+10
5.6509e+10
5.7164e+10
5.7826e+10
5.8495e+10
5.9173e+10
5.9858e+10
6.0551e+10
6.1252e+10
6.1961e+10
6.2679e+10
6.3405e+10
6.4139e+10
6.4882e+10
6.5633e+10
6.6393e+10
6.7162e+10
6.7939e+10
6.8726e+10
6.9522e+10
7.0327e+10
7.1141e+10
7.1965e+10
7.2798e+10
7.3641e+10
7.4494e+10
7.5357e+10
7.6229e+10
7.7112e+10
7.8005e+10
7.8908e+10
7.9822e+10
8.0746e+10
8.1681e+10
8.2627e+10
8.3584e+10
8.4551e+10
8.5531e+10
8.6521e+10
8.7523e+10
8.8536e+10
8.9561e+10
9.0599e+10
9.1648e+10
9.2709e+10
9.3782e+10
9.4868e+10
9.5967e+10
9.7078e+10
9.8202e+10
9.9339e+10
1.0049e+11
1.0165e+11
1.0283e+11
1.0402e+11
1.0523e+11
1.0644e+11
1.0768e+11
1.0892e+11
1.1018e+11
1.1146e+11
1.1275e+11
1.1406e+11
1.1538e+11
1.1671e+11
1.1807e+11
1.1943e+11
1.2082e+11
1.2221e+11
1.2363e+11
1.2506e+11
1.2651e+11
1.2797e+11
1.2946e+11
1.3095e+11
1.3247e+11
1.3401e+11
1.3556e+11
1.3713e+11
1.3871e+11
1.4032e+11
1.4195e+11
1.4359e+11
1.4525e+11
1.4693e+11
1.4864e+11
1.5036e+11
1.5210e+11
1.5386e+11
1.5564e+11
1.5744e+11
1.5927e+11
1.6111e+11
1.6298e+11
1.6486e+11
1.6677e+11
1.6870e+11
1.7066e+11
1.7263e+11
1.7463e+11
1.7665e+11
1.7870e+11
1.8077e+11
1.8286e+11
1.8498e+11
1.8712e+11
1.8929e+11
1.9148e+11
1.9370e+11
1.9594e+11
1.9821e+11
2.0050e+11
2.0282e+11
2.0517e+11
2.0755e+11
2.0995e+11
2.1238e+11
2.1484e+11
2.1733e+11
2.1985e+11
2.2239e+11
2.2497e+11
2.2757e+11
2.3021e+11
2.3287e+11
2.3557e+11
2.3830e+11
2.4106e+11
2.4385e+11
2.4667e+11
2.4953e+11
2.5242e+11
2.5534e+11
2.5830e+11
2.6129e+11
2.6431e+11
2.6738e+11
2.7047e+11
2.7360e+11
2.7677e+11
2.7998e+11
2.8322e+11
2.8650e+11
2.8982e+11
2.9317e+11
2.9657e+11
3.0000e+11
3.0347e+11
3.0699e+11
3.1054e+11
3.1414e+11
3.1778e+11
3.2146e+11
3.2518e+11
3.2894e+11
3.3275e+11
3.3661e+11
3.4050e+11
3.4445e+11
3.4843e+11
3.5247e+11
3.5655e+11
3.6068e+11
3.6486e+11
3.6908e+11
3.7335e+11
3.7768e+11
3.8205e+11
3.8647e+11
3.9095e+11
3.9548e+11
4.0006e+11
4.0469e+11
4.0937e+11
4.1412e+11
4.1891e+11
4.2376e+11
4.2867e+11
4.3363e+11
4.3865e+11
4.4373e+11
4.4887e+11
4.5407e+11
4.5933e+11
4.6464e+11
4.7003e+11
4.7547e+11
4.8097e+11
4.8654e+11
4.9218e+11
4.9788e+11
5.0364e+11
5.0947e+11
5.1537e+11
5.2134e+11
5.2738e+11
5.3348e+11
5.3966e+11
5.4591e+11
5.5223e+11
5.5863e+11
5.6509e+11
5.7164e+11
5.7826e+11
5.8495e+11
5.9173e+11
5.9858e+11
6.0551e+11
6.1252e+11
6.1961e+11
6.2679e+11
6.3405e+11
6.4139e+11
6.4882e+11
6.5633e+11
6.6393e+11
6.7162e+11
6.7939e+11
6.8726e+11
6.9522e+11
7.0327e+11
7.1141e+11
7.1965e+11
7.2798e+11
7.3641e+11
7.4494e+11
7.5357e+11
7.6229e+11
7.7112e+11
7.8005e+11
7.8908e+11
7.9822e+11
8.0746e+11
8.1681e+11
8.2627e+11
8.3584e+11
8.4551e+11
8.5531e+11
8.6521e+11
8.7523e+11
8.8536e+11
8.9561e+11
9.0599e+11
9.1648e+11
9.2709e+11
9.3782e+11
9.4868e+11
9.5967e+11
9.7078e+11
9.8202e+11
9.9339e+11
1.0049e+12
1.0165e+12
1.0283e+12
1.0402e+12
1.0523e+12
1.0644e+12
1.0768e+12
1.0892e+12
1.1018e+12
1.1146e+12
1.1275e+12
1.1406e+12
1.1538e+12
1.1671e+12
1.1807e+12
1.1943e+12
1.2082e+12
1.2221e+12
1.2363e+12
1.2506e+12
1.2651e+12
1.2797e+12
1.2946e+12
1.3095e+12
1.3247e+12
1.3401e+12
1.3556e+12
1.3713e+12
1.3871e+12
1.4032e+12
1.4195e+12
1.4359e+12
1.4525e+12
1.4693e+12
1.4864e+12
1.5036e+12
1.5210e+12
1.5386e+12
1.5564e+12
1.5744e+12
1.5927e+12
1.6111e+12
1.6298e+12
1.6486e+12
1.6677e+12
1.6870e+12
1.7066e+12
1.7263e+12
1.7463e+12
1.7665e+12
1.7870e+12
1.8077e+12
1.8286e+12
1.8498e+12
1.8712e+12
1.8929e+12
1.9148e+12
1.9370e+12
1.9594e+12
1.9821e+12
2.0050e+12
2.0282e+12
2.0517e+12
2.0755e+12
2.0995e+12
2.1238e+12
2.1484e+12
2.1733e+12
2.1985e+12
2.2239e+12
2.2497e+12
2.2757e+12
2.3021e+12
2.3287e+12
2.3557e+12
2.3830e+12
2.4106e+12
2.4385e+12
2.4667e+12
2.4953e+12
2.5242e+12
2.5534e+12
2.5830e+12
2.6129e+12
2.6431e+12
2.6738e+12
2.7047e+12
2.7360e+12
2.7677e+12
2.7998e+12
2.8322e+12
2.8650e+12
2.8982e+12
2.9317e+12
2.9657e+12
3.0000e+12
3.0347e+12
3.0699e+12
3.1054e+12
3.1414e+12
3.1778e+12
3.2146e+12
3.2518e+12
3.2894e+12
3.3275e+12
3.3661e+12
3.4050e+12
3.4445e+12
3.4843e+12
3.5247e+12
3.5655e+12
3.6068e+12
3.6486e+12
3.6908e+12
3.7335e+12
3.7768e+12
3.8205e+12
3.8647e+12
3.9095e+12
3.9548e+12
4.0006e+12
4.0469e+12
4.0937e+12
4.1412e+12
4.1891e+12
4.2376e+12
4.2867e+12
4.3363e+12
4.3865e+12
4.4373e+12
4.4887e+12
4.5407e+12
4.5933e+12
4.6464e+12
4.7003e+12
4.7547e+12
4.8097e+12
4.8654e+12
4.9218e+12
4.9788e+12
5.0364e+12
5.0947e+12
5.1537e+12
5.2134e+12
5.2738e+12
5.3348e+12
5.3966e+12
5.4591e+12
5.5223e+12
5.5863e+12
5.6509e+12
5.7164e+12
5.7826e+12
5.8495e+12
5.9173e+12
5.9858e+12
6.0551e+12
6.1252e+12
6.1961e+12
6.2679e+12
6.3405e+12
6.4139e+12
6.4882e+12
6.5633e+12
6.6393e+12
6.7162e+12
6.7939e+12
6.8726e+12
6.9522e+12
7.0327e+12
7.1141e+12
7.1965e+12
7.2798e+12
7.3641e+12
7.4494e+12
7.5357e+12
7.6229e+12
7.7112e+12
7.8005e+12
7.8908e+12
7.9822e+12
8.0746e+12
8.1681e+12
8.2627e+12
8.3584e+12
8.4551e+12
8.5531e+12
8.6521e+12
8.7523e+12
8.8536e+12
8.9561e+12
9.0599e+12
9.1648e+12
9.2709e+12
9.3782e+12
9.4868e+12
9.5967e+12
9.7078e+12
9.8202e+12
9.9339e+12
1.0049e+13
1.0165e+13
1.0283e+13
1.0402e+13
1.0523e+13
1.0644e+13
1.0768e+13
1.0892e+13
1.1018e+13
1.1146e+13
1.1275e+13
1.1406e+13
1.1538e+13
1.1671e+13
1.1807e+13
1.1943e+13
1.2082e+13
1.2221e+13
1.2363e+13
1.2506e+13
1.2651e+13
1.2797e+13
1.2946e+13
1.3095e+13
1.3247e+13
1.3401e+13
1.3556e+13
1.3713e+13
1.3871e+13
1.4032e+13
1.4195e+13
1.4359e+13
1.4525e+13
1.4693e+13
1.4864e+13
1.5036e+13
1.5210e+13
1.5386e+13
1.5564e+13
1.5744e+13
1.5927e+13
1.6111e+13
1.6298e+13
1.6486e+13
1.6677e+13
1.6870e+13
1.7066e+13
1.7263e+13
1.7463e+13
1.7665e+13
1.7870e+13
1.8077e+13
1.8286e+13
1.8498e+13
1.8712e+13
1.8929e+13
1.9148e+13
1.9370e+13
1.9594e+13
1.9821e+13
2.0050e+13
2.0282e+13
2.0517e+13
2.0755e+13
2.0995e+13
2.1238e+13
2.1484e+13
2.1733e+13
2.1985e+13
2.2239e+13
2.2497e+13
2.2757e+13
2.3021e+13
2.3287e+13
2.3557e+13
2.3830e+13
2.4106e+13
2.4385e+13
2.4667e+13
2.4953e+13
2.5242e+13
2.5534e+13
2.5830e+13
2.6129e+13
2.6431e+13
2.6738e+13
2.7047e+13
2.7360e+13
2.7677e+13
2.7998e+13
2.8322e+13
2.8650e+13
2.8982e+13
2.9317e+13
2.9657e+13
3.0000e+13
3.0347e+13
3.0699e+13
3.1054e+13
3.1414e+13
3.1778e+13
3.2146e+13
3.2518e+13
3.2894e+13
3.3275e+13
3.3661e+13
3.4050e+13
3.4445e+13
3.4843e+13
3.5247e+13
3.5655e+13
3.6068e+13
3.6486e+13
3.6908e+13
3.7335e+13
3.7768e+13
3.8205e+13
3.8647e+13
3.9095e+13
3.9548e+13
4.0006e+13
4.0469e+13
4.0937e+13
4.1412e+13
4.1891e+13
4.2376e+13
4.2867e+13
4.3363e+13
4.3865e+13
4.4373e+13
4.4887e+13
4.5407e+13
4.5933e+13
4.6464e+13
4.7003e+13
4.7547e+13
4.8097e+13
4.8654e+13
4.9218e+13
4.9788e+13
5.0364e+13
5.0947e+13
5.1537e+13
5.2134e+13
5.2738e+13
5.3348e+13
5.3966e+13
5.4591e+13
5.5223e+13
5.5863e+13
5.6509e+13
5.7164e+13
5.7826e+13
5.8495e+13
5.9173e+13
5.9858e+13
6.0551e+13
6.1252e+13
6.1961e+13
6.2679e+13
6.3405e+13
6.4139e+13
6.4882e+13
6.5633e+13
6.6393e+13
6.7162e+13
6.7939e+13
6.8726e+13
6.9522e+13
7.0327e+13
7.1141e+13
7.1965e+13
7.2798e+13
7.3641e+13
7.4494e+13
7.5357e+13
7.6229e+13
7.7112e+13
7.8005e+13
7.8908e+13
7.9822e+13
8.0746e+13
8.1681e+13
8.2627e+13
8.3584e+13
8.4551e+13
8.5531e+13
8.6521e+13
8.7523e+13
8.8536e+13
8.9561e+13
9.0599e+13
9.1648e+13
9.2709e+13
9.3782e+13
9.4868e+13
9.5967e+13
9.7078e+13
9.8202e+13
9.9339e+13
1.0049e+14
1.0165e+14
1.0283e+14
1.0402e+14
1.0523e+14
1.0644e+14
1.0768e+14
1.0892e+14
1.1018e+14
1.1146e+14
1.1275e+14
1.1406e+14
1.1538e+14
1.1671e+14
1.1807e+14
1.1943e+14
1.2082e+14
1.2221e+14
1.2363e+14
1.2506e+14
1.2651e+14
1.2797e+14
1.2946e+14
1.3095e+14
1.3247e+14
1.3401e+14
1.3556e+14
1.3713e+14
1.3871e+14
1.4032e+14
1.4195e+14
1.4359e+14
1.4525e+14
1.4693e+14
1.4864e+14
1.5036e+14
1.5210e+14
1.5386e+14
1.5564e+14
1.5744e+14
1.5927e+14
1.6111e+14
1.6298e+14
1.6486e+14
1.6677e+14
1.6870e+14
1.7066e+14
1.7263e+14
1.7463e+14
1.7665e+14
1.7870e+14
1.8077e+14
1.8286e+14
1.8498e+14
1.8712e+14
1.8929e+14
1.9148e+14
1.9370e+14
1.9594e+14
1.9821e+14
2.0050e+14
2.0282e+14
2.0517e+14
2.0755e+14
2.0995e+14
2.1238e+14
2.1484e+14
2.1733e+14
2.1985e+14
2.2239e+14
2.2497e+14
2.2757e+14
2.3021e+14
2.3287e+14
2.3557e+14
2.3830e+14
2.4106e+14
2.4385e+14
2.4667e+14
2.4953e+14
2.5242e+14
2.5534e+14
2.5830e+14
2.6129e+14
2.6431e+14
2.6738e+14
2.7047e+14
2.7360e+14
2.7677e+14
2.7998e+14
2.8322e+14
2.8650e+14
2.8982e+14
2.9317e+14
2.9657e+14
3.0000e+14
3.0347e+14
3.0699e+14
3.1054e+14
3.1414e+14
3.1778e+14
3.2146e+14
3.2518e+14
3.2894e+14
3.3275e+14
3.3661e+14
3.4050e+14
3.4445e+14
3.4843e+14
3.5247e+14
3.5655e+14
3.6068e+14
3.6486e+14
3.6908e+14
3.7335e+14
3.7768e+14
3.8205e+14
3.8647e+14
3.9095e+14
3.9548e+14
4.0006e+14
4.0469e+14
4.0937e+14
4.1412e+14
4.1891e+14
4.2376e+14
4.2867e+14
4.3363e+14
4.3865e+14
4.4373e+14
4.4887e+14
4.5407e+14
4.5933e+14
4.6464e+14
4.7003e+14
4.7547e+14
4.8097e+14
4.8654e+14
4.9218e+14
4.9788e+14
5.0364e+14
5.0947e+14
5.1537e+14
5.2134e+14
5.2738e+14
5.3348e+14
5.3966e+14
5.4591e+14
5.5223e+14
5.5863e+14
5.6509e+14
5.7164e+14
5.7826e+14
5.8495e+14
5.9173e+14
5.9858e+14
6.0551e+14
6.1252e+14
6.1961e+14
6.2679e+14
6.3405e+14
6.4139e+14
6.4882e+14
6.5633e+14
6.6393e+14
6.7162e+14
6.7939e+14
6.8726e+14
6.9522e+14
7.0327e+14
7.1141e+14
7.1965e+14
7.2798e+14
7.3641e+14
7.4494e+14
7.5357e+14
7.6229e+14
7.7112e+14
7.8005e+14
7.8908e+14
7.9822e+14
8.0746e+14
8.1681e+14
8.2627e+14
8.3584e+14
8.4551e+14
8.5531e+14
8.6521e+14
8.7523e+14
8.8536e+14
8.9561e+14
9.0599e+14
9.1648e+14
9.2709e+14
9.3782e+14
9.4868e+14
9.5967e+14
9.7078e+14
9.8202e+14
9.9339e+14
1.0049e+15
1.0165e+15
1.0283e+15
1.0402e+15
1.0523e+15
1.0644e+15
1.0768e+15
1.0892e+15
1.1018e+15
1.1146e+15
1.1275e+15
1.1406e+15
1.1538e+15
1.1671e+15
1.1807e+15
1.1943e+15
1.2082e+15
1.2221e+15
1.2363e+15
1.2506e+15
1.2651e+15
1.2797e+15
1.2946e+15
1.3095e+15
1.3247e+15
1.3401e+15
1.3556e+15
1.3713e+15
1.3871e+15
1.4032e+15
1.4195e+15
1.4359e+15
1.4525e+15
1.4693e+15
1.4864e+15
1.5036e+15
1.5210e+15
1.5386e+15
1.5564e+15
1.5744e+15
1.5927e+15
1.6111e+15
1.6298e+15
1.6486e+15
1.6677e+15
1.6870e+15
1.7066e+15
1.7263e+15
1.7463e+15
1.7665e+15
1.7870e+15
1.8077e+15
1.8286e+15
1.8498e+15
1.8712e+15
1.8929e+15
1.9148e+15
1.9370e+15
1.9594e+15
1.9821e+15
2.0050e+15
2.0282e+15
2.0517e+15
2.0755e+15
2.0995e+15
2.1238e+15
2.1484e+15
2.1733e+15
2.1985e+15
2.2239e+15
2.2497e+15
2.2757e+15
2.3021e+15
2.3287e+15
2.3557e+15
2.3830e+15
2.4106e+15
2.4385e+15
2.4667e+15
2.4953e+15
2.5242e+15
2.5534e+15
2.5830e+15
2.6129e+15
2.6431e+15
2.6738e+15
2.7047e+15
2.7360e+15
2.7677e+15
2.7998e+15
2.8322e+15
2.8650e+15
2.8982e+15
2.9317e+15
2.9657e+15
3.0000e+15
