fnum.dat : Freq / number of photon packets/ fpoint 
0.010000 0     0 
0.010080 0     1 
0.010161 0     2 
0.010243 0     3 
0.010325 0     4 
0.010408 0     5 
0.010492 0     6 
0.010576 0     7 
0.010661 0     8 
0.010747 0     9 
0.010834 0    10 
0.010921 0    11 
0.011008 0    12 
0.011097 0    13 
0.011186 0    14 
0.011276 0    15 
0.011367 0    16 
0.011458 0    17 
0.011550 0    18 
0.011643 0    19 
0.011737 0    20 
0.011831 0    21 
0.011926 0    22 
0.012022 0    23 
0.012119 0    24 
0.012216 0    25 
0.012314 0    26 
0.012413 0    27 
0.012513 0    28 
0.012614 0    29 
0.012715 0    30 
0.012817 0    31 
0.012920 0    32 
0.013024 0    33 
0.013129 0    34 
0.013234 0    35 
0.013341 0    36 
0.013448 0    37 
0.013556 0    38 
0.013665 0    39 
0.013775 0    40 
0.013886 0    41 
0.013997 0    42 
0.014110 0    43 
0.014223 0    44 
0.014337 0    45 
0.014453 0    46 
0.014569 0    47 
0.014686 0    48 
0.014804 0    49 
0.014923 0    50 
0.015043 0    51 
0.015164 0    52 
0.015286 0    53 
0.015409 0    54 
0.015533 0    55 
0.015657 0    56 
0.015783 0    57 
0.015910 0    58 
0.016038 0    59 
0.016167 0    60 
0.016297 0    61 
0.016428 0    62 
0.016560 0    63 
0.016693 0    64 
0.016827 0    65 
0.016963 0    66 
0.017099 0    67 
0.017236 0    68 
0.017375 0    69 
0.017515 0    70 
0.017655 0    71 
0.017797 0    72 
0.017940 0    73 
0.018085 0    74 
0.018230 0    75 
0.018376 0    76 
0.018524 0    77 
0.018673 0    78 
0.018823 0    79 
0.018974 0    80 
0.019127 0    81 
0.019281 0    82 
0.019436 0    83 
0.019592 0    84 
0.019749 0    85 
0.019908 0    86 
0.020068 0    87 
0.020230 0    88 
0.020392 0    89 
0.020556 0    90 
0.020721 0    91 
0.020888 0    92 
0.021056 0    93 
0.021225 0    94 
0.021396 0    95 
0.021568 0    96 
0.021741 0    97 
0.021916 0    98 
0.022092 0    99 
0.022270 0   100 
0.022449 0   101 
0.022629 0   102 
0.022811 0   103 
0.022994 0   104 
0.023179 0   105 
0.023365 0   106 
0.023553 0   107 
0.023743 0   108 
0.023934 0   109 
0.024126 0   110 
0.024320 0   111 
0.024515 0   112 
0.024712 0   113 
0.024911 0   114 
0.025111 0   115 
0.025313 0   116 
0.025517 0   117 
0.025722 0   118 
0.025929 0   119 
0.026137 0   120 
0.026347 0   121 
0.026559 0   122 
0.026772 0   123 
0.026988 1   124 
0.027204 0   125 
0.027423 0   126 
0.027644 0   127 
0.027866 0   128 
0.028090 0   129 
0.028316 0   130 
0.028543 0   131 
0.028773 0   132 
0.029004 0   133 
0.029237 0   134 
0.029472 0   135 
0.029709 0   136 
0.029948 0   137 
0.030189 0   138 
0.030431 0   139 
0.030676 0   140 
0.030922 0   141 
0.031171 0   142 
0.031422 0   143 
0.031674 0   144 
0.031929 0   145 
0.032185 0   146 
0.032444 0   147 
0.032705 0   148 
0.032968 0   149 
0.033233 0   150 
0.033500 0   151 
0.033769 0   152 
0.034041 1   153 
0.034314 0   154 
0.034590 0   155 
0.034868 0   156 
0.035149 0   157 
0.035431 0   158 
0.035716 0   159 
0.036003 0   160 
0.036292 0   161 
0.036584 0   162 
0.036878 0   163 
0.037175 0   164 
0.037474 0   165 
0.037775 0   166 
0.038078 0   167 
0.038385 0   168 
0.038693 0   169 
0.039004 1   170 
0.039318 0   171 
0.039634 0   172 
0.039952 0   173 
0.040273 0   174 
0.040597 0   175 
0.040924 0   176 
0.041253 0   177 
0.041584 0   178 
0.041918 0   179 
0.042255 0   180 
0.042595 0   181 
0.042937 1   182 
0.043283 0   183 
0.043631 0   184 
0.043981 0   185 
0.044335 0   186 
0.044691 0   187 
0.045050 0   188 
0.045413 0   189 
0.045778 0   190 
0.046146 1   191 
0.046517 0   192 
0.046890 0   193 
0.047267 0   194 
0.047647 0   195 
0.048030 0   196 
0.048416 0   197 
0.048806 0   198 
0.049198 1   199 
0.049593 0   200 
0.049992 0   201 
0.050394 0   202 
0.050799 0   203 
0.051207 0   204 
0.051619 1   205 
0.052034 0   206 
0.052452 0   207 
0.052874 0   208 
0.053299 0   209 
0.053727 0   210 
0.054159 1   211 
0.054595 0   212 
0.055033 0   213 
0.055476 0   214 
0.055922 0   215 
0.056371 1   216 
0.056824 0   217 
0.057281 0   218 
0.057742 0   219 
0.058206 1   220 
0.058674 0   221 
0.059145 0   222 
0.059621 0   223 
0.060100 1   224 
0.060583 0   225 
0.061070 0   226 
0.061561 0   227 
0.062056 1   228 
0.062555 0   229 
0.063058 0   230 
0.063565 1   231 
0.064076 0   232 
0.064591 0   233 
0.065110 0   234 
0.065633 1   235 
0.066161 0   236 
0.066693 1   237 
0.067229 0   238 
0.067769 0   239 
0.068314 1   240 
0.068863 0   241 
0.069417 0   242 
0.069975 1   243 
0.070537 0   244 
0.071104 1   245 
0.071676 0   246 
0.072252 1   247 
0.072833 0   248 
0.073418 0   249 
0.074008 1   250 
0.074603 0   251 
0.075203 1   252 
0.075807 0   253 
0.076417 1   254 
0.077031 1   255 
0.077650 0   256 
0.078274 1   257 
0.078904 0   258 
0.079538 1   259 
0.080177 0   260 
0.080822 1   261 
0.081472 1   262 
0.082126 0   263 
0.082787 1   264 
0.083452 1   265 
0.084123 0   266 
0.084799 1   267 
0.085481 1   268 
0.086168 1   269 
0.086861 0   270 
0.087559 1   271 
0.088263 1   272 
0.088972 1   273 
0.089687 1   274 
0.090408 1   275 
0.091135 0   276 
0.091868 1   277 
0.092606 1   278 
0.093351 1   279 
0.094101 1   280 
0.094857 1   281 
0.095620 1   282 
0.096389 1   283 
0.097163 1   284 
0.097944 2   285 
0.098732 1   286 
0.099525 1   287 
0.100325 1   288 
0.101132 1   289 
0.101945 1   290 
0.102764 2   291 
0.103590 1   292 
0.104423 1   293 
0.105262 2   294 
0.106109 1   295 
0.106962 2   296 
0.107821 1   297 
0.108688 2   298 
0.109562 1   299 
0.110443 2   300 
0.111330 1   301 
0.112225 2   302 
0.113127 2   303 
0.114037 1   304 
0.114953 2   305 
0.115877 2   306 
0.116809 2   307 
0.117748 2   308 
0.118694 2   309 
0.119649 2   310 
0.120610 2   311 
0.121580 2   312 
0.122557 2   313 
0.123542 2   314 
0.124536 2   315 
0.125537 3   316 
0.126546 2   317 
0.127563 2   318 
0.128588 3   319 
0.129622 2   320 
0.130664 3   321 
0.131714 2   322 
0.132773 3   323 
0.133840 3   324 
0.134916 3   325 
0.136001 3   326 
0.137094 3   327 
0.138196 3   328 
0.139307 3   329 
0.140427 3   330 
0.141556 3   331 
0.142694 3   332 
0.143841 4   333 
0.144997 3   334 
0.146162 4   335 
0.147337 4   336 
0.148522 3   337 
0.149716 4   338 
0.150919 4   339 
0.152132 4   340 
0.153355 4   341 
0.154588 4   342 
0.155831 5   343 
0.157083 4   344 
0.158346 5   345 
0.159619 4   346 
0.160902 5   347 
0.162195 5   348 
0.163499 5   349 
0.164813 5   350 
0.166138 5   351 
0.167474 5   352 
0.168820 6   353 
0.170177 6   354 
0.171545 5   355 
0.172924 6   356 
0.174314 6   357 
0.175715 6   358 
0.177128 6   359 
0.178552 7   360 
0.179987 6   361 
0.181434 7   362 
0.182892 7   363 
0.184362 7   364 
0.185844 7   365 
0.187338 8   366 
0.188844 7   367 
0.190362 8   368 
0.191892 8   369 
0.193435 8   370 
0.194990 8   371 
0.196557 9   372 
0.198137 8   373 
0.199730 9   374 
0.201336 9   375 
0.202954 10   376 
0.204585 9   377 
0.206230 10   378 
0.207888 10   379 
0.209559 10   380 
0.211243 10   381 
0.212942 11   382 
0.214653 11   383 
0.216379 11   384 
0.218118 12   385 
0.219871 11   386 
0.221639 12   387 
0.223421 13   388 
0.225216 12   389 
0.227027 13   390 
0.228852 13   391 
0.230691 14   392 
0.232546 13   393 
0.234415 14   394 
0.236300 15   395 
0.238199 15   396 
0.240114 15   397 
0.242044 15   398 
0.243990 16   399 
0.245951 16   400 
0.247928 17   401 
0.249921 17   402 
0.251930 17   403 
0.253955 18   404 
0.255997 18   405 
0.258054 19   406 
0.260129 19   407 
0.262220 19   408 
0.264328 20   409 
0.266452 20   410 
0.268594 21   411 
0.270753 21   412 
0.272930 22   413 
0.275124 22   414 
0.277335 23   415 
0.279565 24   416 
0.281812 24   417 
0.284077 24   418 
0.286361 25   419 
0.288663 26   420 
0.290983 26   421 
0.293322 26   422 
0.295680 28   423 
0.298057 28   424 
0.300453 29   425 
0.302868 29   426 
0.305303 30   427 
0.307757 31   428 
0.310231 31   429 
0.312725 32   430 
0.315239 33   431 
0.317773 34   432 
0.320327 34   433 
0.322902 35   434 
0.325498 36   435 
0.328114 37   436 
0.330752 38   437 
0.333410 38   438 
0.336090 39   439 
0.338792 41   440 
0.341516 41   441 
0.344261 42   442 
0.347028 43   443 
0.349818 44   444 
0.352630 45   445 
0.355464 46   446 
0.358322 48   447 
0.361202 48   448 
0.364106 49   449 
0.367033 51   450 
0.369983 51   451 
0.372957 53   452 
0.375955 54   453 
0.378977 55   454 
0.382024 57   455 
0.385094 57   456 
0.388190 59   457 
0.391311 61   458 
0.394456 61   459 
0.397627 64   460 
0.400823 64   461 
0.404045 66   462 
0.407293 68   463 
0.410567 69   464 
0.413868 70   465 
0.417194 72   466 
0.420548 74   467 
0.423929 76   468 
0.427336 77   469 
0.430772 78   470 
0.434234 81   471 
0.437725 83   472 
0.441244 84   473 
0.444790 86   474 
0.448366 88   475 
0.451970 90   476 
0.455603 92   477 
0.459266 94   478 
0.462957 96   479 
0.466679 99   480 
0.470430 100   481 
0.474212 103   482 
0.478024 105   483 
0.481866 107   484 
0.485740 110   485 
0.489645 112   486 
0.493581 115   487 
0.497548 117   488 
0.501548 120   489 
0.505579 122   490 
0.509644 126   491 
0.513740 128   492 
0.517870 130   493 
0.522033 134   494 
0.526229 136   495 
0.530459 140   496 
0.534723 142   497 
0.539022 146   498 
0.543355 149   499 
0.547723 152   500 
0.552125 156   501 
0.556564 159   502 
0.561038 162   503 
0.565548 166   504 
0.570094 169   505 
0.574676 173   506 
0.579296 177   507 
0.583953 181   508 
0.588647 185   509 
0.593379 188   510 
0.598148 193   511 
0.602957 197   512 
0.607804 201   513 
0.612689 206   514 
0.617614 210   515 
0.622579 214   516 
0.627584 219   517 
0.632629 224   518 
0.637714 229   519 
0.642840 233   520 
0.648008 239   521 
0.653217 243   522 
0.658468 249   523 
0.663761 254   524 
0.669096 259   525 
0.674475 265   526 
0.679897 271   527 
0.685362 276   528 
0.690871 282   529 
0.696425 289   530 
0.702023 294   531 
0.707666 300   532 
0.713355 307   533 
0.719089 313   534 
0.724870 320   535 
0.730696 326   536 
0.736570 334   537 
0.742491 340   538 
0.748460 347   539 
0.754476 355   540 
0.760541 362   541 
0.766655 370   542 
0.772817 377   543 
0.779030 385   544 
0.785292 393   545 
0.791604 401   546 
0.797968 409   547 
0.804382 418   548 
0.810848 427   549 
0.817366 435   550 
0.823937 444   551 
0.830560 453   552 
0.837236 463   553 
0.843966 472   554 
0.850751 481   555 
0.857589 491   556 
0.864483 502   557 
0.871432 511   558 
0.878437 522   559 
0.885499 532   560 
0.892617 543   561 
0.899792 554   562 
0.907025 565   563 
0.914316 576   564 
0.921666 588   565 
0.929075 600   566 
0.936543 611   567 
0.944071 624   568 
0.951660 636   569 
0.959310 648   570 
0.967022 662   571 
0.974795 674   572 
0.982631 688   573 
0.990530 701   574 
0.998492 715   575 
1.006519 729   576 
1.014610 743   577 
1.022766 758   578 
1.030987 772   579 
1.039275 787   580 
1.047629 803   581 
1.056050 817   582 
1.064539 834   583 
1.073097 850   584 
1.081723 865   585 
1.090418 883   586 
1.099183 899   587 
1.108019 916   588 
1.116926 934   589 
1.125904 951   590 
1.134955 969   591 
1.144078 987   592 
1.153275 1006   593 
1.162546 1024   594 
1.171891 1044   595 
1.181311 1063   596 
1.190807 1083   597 
1.200379 1103   598 
1.210029 1123   599 
1.219755 1143   600 
1.229560 1165   601 
1.239444 1186   602 
1.249408 1207   603 
1.259451 1229   604 
1.269575 1252   605 
1.279780 1274   606 
1.290068 1297   607 
1.300438 1320   608 
1.310892 1344   609 
1.321429 1368   610 
1.332052 1392   611 
1.342759 1416   612 
1.353553 1441   613 
1.364434 1467   614 
1.375402 1492   615 
1.386458 1519   616 
1.397603 1544   617 
1.408838 1572   618 
1.420163 1598   619 
1.431579 1626   620 
1.443086 1653   621 
1.454687 1682   622 
1.466380 1710   623 
1.478168 1739   624 
1.490050 1768   625 
1.502028 1798   626 
1.514102 1827   627 
1.526273 1858   628 
1.538542 1889   629 
1.550909 1920   630 
1.563376 1951   631 
1.575943 1983   632 
1.588612 2015   633 
1.601382 2047   634 
1.614254 2081   635 
1.627231 2113   636 
1.640311 2148   637 
1.653497 2181   638 
1.666788 2215   639 
1.680187 2251   640 
1.693693 2285   641 
1.707308 2321   642 
1.721032 2356   643 
1.734867 2393   644 
1.748812 2429   645 
1.762870 2465   646 
1.777041 2503   647 
1.791326 2540   648 
1.805725 2579   649 
1.820241 2616   650 
1.834873 2655   651 
1.849622 2693   652 
1.864491 2733   653 
1.879478 2772   654 
1.894586 2811   655 
1.909816 2852   656 
1.925168 2892   657 
1.940644 2932   658 
1.956243 2974   659 
1.971969 3014   660 
1.987820 3056   661 
2.003800 3097   662 
2.019907 3140   663 
2.036144 3181   664 
2.052512 3224   665 
2.069011 3266   666 
2.085643 3310   667 
2.102408 3352   668 
2.119308 3395   669 
2.136344 3439   670 
2.153517 3482   671 
2.170828 3526   672 
2.188279 3569   673 
2.205869 3614   674 
2.223601 3658   675 
2.241475 3701   676 
2.259493 3747   677 
2.277656 3790   678 
2.295965 3835   679 
2.314421 3879   680 
2.333026 3924   681 
2.351780 3968   682 
2.370685 4013   683 
2.389742 4057   684 
2.408952 4102   685 
2.428316 4146   686 
2.447836 4190   687 
2.467513 4235   688 
2.487348 4279   689 
2.507343 4323   690 
2.527498 4367   691 
2.547815 4410   692 
2.568296 4454   693 
2.588941 4498   694 
2.609752 4540   695 
2.630731 4584   696 
2.651878 4626   697 
2.673195 4668   698 
2.694683 4710   699 
2.716345 4752   700 
2.738180 4794   701 
2.760191 4834   702 
2.782379 4875   703 
2.804745 4915   704 
2.827291 4955   705 
2.850018 4994   706 
2.872928 5033   707 
2.896022 5071   708 
2.919302 5108   709 
2.942768 5146   710 
2.966424 5182   711 
2.990270 5218   712 
3.014307 5254   713 
3.038537 5288   714 
3.062963 5321   715 
3.087584 5355   716 
3.112404 5388   717 
3.137423 5419   718 
3.162643 5450   719 
3.188066 5480   720 
3.213693 5509   721 
3.239527 5537   722 
3.265568 5565   723 
3.291818 5591   724 
3.318279 5617   725 
3.344953 5641   726 
3.371842 5665   727 
3.398946 5688   728 
3.426269 5708   729 
3.453811 5730   730 
3.481574 5748   731 
3.509561 5767   732 
3.537772 5784   733 
3.566211 5800   734 
3.594878 5815   735 
3.623775 5828   736 
3.652905 5840   737 
3.682269 5852   738 
3.711869 5861   739 
3.741707 5870   740 
3.771784 5877   741 
3.802104 5883   742 
3.832667 5887   743 
3.863476 5891   744 
3.894533 5892   745 
3.925839 5893   746 
3.957397 5892   747 
3.989208 5890   748 
4.021275 5886   749 
4.053600 5881   750 
4.086185 5874   751 
4.119032 5866   752 
4.152143 5857   753 
4.185520 5845   754 
4.219165 5834   755 
4.253081 5819   756 
4.287270 5804   757 
4.321733 5787   758 
4.356473 5768   759 
4.391493 5749   760 
4.426794 5728   761 
4.462378 5704   762 
4.498249 5681   763 
4.534408 5655   764 
4.570858 5628   765 
4.607601 5599   766 
4.644639 5569   767 
4.681975 5537   768 
4.719611 5505   769 
4.757550 5470   770 
4.795794 5435   771 
4.834345 5398   772 
4.873206 5359   773 
4.912379 5320   774 
4.951867 5278   775 
4.991673 5236   776 
5.031798 5193   777 
5.072246 5147   778 
5.113020 5102   779 
5.154121 5054   780 
5.195552 5006   781 
5.237317 4956   782 
5.279417 4905   783 
5.321855 4853   784 
5.364635 4801   785 
5.407759 4746   786 
5.451229 4692   787 
5.495049 4636   788 
5.539221 4579   789 
5.583748 4521   790 
5.628633 4463   791 
5.673879 4403   792 
5.719488 4344   793 
5.765464 4282   794 
5.811810 4221   795 
5.858528 4159   796 
5.905622 4097   797 
5.953094 4033   798 
6.000948 3969   799 
6.049187 3905   800 
6.097813 3840   801 
6.146831 3775   802 
6.196242 3709   803 
6.246050 3644   804 
6.296259 3578   805 
6.346872 3512   806 
6.397891 3445   807 
6.449321 3379   808 
6.501164 3312   809 
6.553423 3245   810 
6.606103 3179   811 
6.659206 3113   812 
6.712736 3046   813 
6.766697 2980   814 
6.821091 2914   815 
6.875922 2847   816 
6.931194 2783   817 
6.986911 2717   818 
7.043075 2652   819 
7.099691 2587   820 
7.156762 2523   821 
7.214291 2460   822 
7.272283 2397   823 
7.330742 2334   824 
7.389670 2272   825 
7.449072 2210   826 
7.508951 2150   827 
7.569312 2089   828 
7.630158 2031   829 
7.691493 1971   830 
7.753321 1914   831 
7.815646 1856   832 
7.878472 1800   833 
7.941803 1745   834 
8.005644 1689   835 
8.069997 1636   836 
8.134868 1584   837 
8.200260 1531   838 
8.266178 1480   839 
8.332625 1430   840 
8.399607 1381   841 
8.467127 1333   842 
8.535190 1285   843 
8.603801 1239   844 
8.672962 1194   845 
8.742680 1150   846 
8.812958 1107   847 
8.883801 1065   848 
8.955214 1023   849 
9.027200 984   850 
9.099765 944   851 
9.172914 906   852 
9.246650 870   853 
9.320979 833   854 
9.395906 798   855 
9.471435 764   856 
9.547571 732   857 
9.624320 699   858 
9.701685 668   859 
9.779672 638   860 
9.858286 610   861 
9.937532 581   862 
10.017414 554   863 
10.097939 527   864 
10.179112 503   865 
10.260937 478   866 
10.343419 454   867 
10.426565 432   868 
10.510379 410   869 
10.594867 389   870 
10.680033 369   871 
10.765885 350   872 
10.852427 331   873 
10.939664 313   874 
11.027602 296   875 
11.116248 280   876 
11.205606 265   877 
11.295682 249   878 
11.386482 235   879 
11.478013 222   880 
11.570279 209   881 
11.663287 196   882 
11.757042 184   883 
11.851551 174   884 
11.946820 163   885 
12.042854 152   886 
12.139661 143   887 
12.237246 134   888 
12.335615 126   889 
12.434775 117   890 
12.534732 110   891 
12.635492 102   892 
12.737063 95   893 
12.839449 89   894 
12.942659 83   895 
13.046699 77   896 
13.151575 72   897 
13.257294 66   898 
13.363863 62   899 
13.471288 57   900 
13.579577 53   901 
13.688737 50   902 
13.798774 45   903 
13.909695 42   904 
14.021508 39   905 
14.134220 36   906 
14.247838 33   907 
14.362370 30   908 
14.477822 28   909 
14.594202 26   910 
14.711517 23   911 
14.829776 22   912 
14.948985 20   913 
15.069152 18   914 
15.190286 16   915 
15.312393 16   916 
15.435482 13   917 
15.559560 13   918 
15.684636 12   919 
15.810717 10   920 
15.937811 10   921 
16.065927 8   922 
16.195073 8   923 
16.325257 7   924 
16.456488 7   925 
16.588774 5   926 
16.722123 6   927 
16.856543 5   928 
16.992045 4   929 
17.128635 4   930 
17.266324 3   931 
17.405119 3   932 
17.545031 3   933 
17.686066 3   934 
17.828236 2   935 
17.971548 2   936 
18.116013 2   937 
18.261638 1   938 
18.408435 2   939 
18.556411 1   940 
18.705577 1   941 
18.855941 1   942 
19.007515 1   943 
19.160307 1   944 
19.314327 1   945 
19.469586 0   946 
19.626092 1   947 
19.783856 0   948 
19.942889 1   949 
20.103200 0   950 
20.264800 0   951 
20.427698 1   952 
20.591906 0   953 
20.757435 0   954 
20.924293 0   955 
21.092493 0   956 
21.262045 1   957 
21.432960 0   958 
21.605249 0   959 
21.778923 0   960 
21.953993 0   961 
22.130470 0   962 
22.308366 0   963 
22.487692 0   964 
22.668460 0   965 
22.850680 0   966 
23.034365 0   967 
23.219527 0   968 
23.406178 0   969 
23.594328 0   970 
23.783991 0   971 
23.975179 0   972 
24.167904 0   973 
24.362177 0   974 
24.558013 0   975 
24.755423 0   976 
24.954419 0   977 
25.155015 0   978 
25.357224 0   979 
25.561058 0   980 
25.766531 0   981 
25.973655 0   982 
26.182445 0   983 
26.392912 0   984 
26.605072 0   985 
26.818937 0   986 
27.034521 0   987 
27.251838 0   988 
27.470902 0   989 
27.691727 0   990 
27.914327 0   991 
28.138717 0   992 
28.364910 0   993 
28.592921 1   994 
28.822766 0   995 
29.054457 0   996 
29.288012 0   997 
29.523444 0   998 
29.760768 0   999 
