fnum.cgs.dat : Freq (hz) / number of photon packets/ lambda (micron) / fpoint / tot photons so far
2.5010e+12          0 1.1995e+02     0            0 
2.5211e+12          0 1.1899e+02     1            0 
2.5414e+12          0 1.1805e+02     2            0 
2.5618e+12          0 1.1710e+02     3            0 
2.5824e+12          0 1.1617e+02     4            0 
2.6032e+12          0 1.1524e+02     5            0 
2.6241e+12          0 1.1432e+02     6            0 
2.6452e+12          0 1.1341e+02     7            0 
2.6665e+12          0 1.1251e+02     8            0 
2.6879e+12          0 1.1161e+02     9            0 
2.7095e+12          0 1.1072e+02    10            0 
2.7313e+12          0 1.0984e+02    11            0 
2.7532e+12          0 1.0896e+02    12            0 
2.7754e+12          0 1.0809e+02    13            0 
2.7977e+12          0 1.0723e+02    14            0 
2.8202e+12          0 1.0638e+02    15            0 
2.8428e+12          0 1.0553e+02    16            0 
2.8657e+12          0 1.0469e+02    17            0 
2.8887e+12          0 1.0385e+02    18            0 
2.9119e+12          0 1.0302e+02    19            0 
2.9354e+12          0 1.0220e+02    20            0 
2.9590e+12          0 1.0139e+02    21            0 
2.9827e+12          0 1.0058e+02    22            0 
3.0067e+12          0 9.9777e+01    23            0 
3.0309e+12          0 9.8981e+01    24            0 
3.0552e+12          0 9.8192e+01    25            0 
3.0798e+12          0 9.7409e+01    26            0 
3.1046e+12          0 9.6632e+01    27            0 
3.1295e+12          0 9.5861e+01    28            0 
3.1547e+12          0 9.5097e+01    29            0 
3.1800e+12          0 9.4339e+01    30            0 
3.2056e+12          0 9.3586e+01    31            0 
3.2314e+12          0 9.2840e+01    32            0 
3.2573e+12          0 9.2100e+01    33            0 
3.2835e+12          0 9.1365e+01    34            0 
3.3099e+12          0 9.0637e+01    35            0 
3.3365e+12          0 8.9914e+01    36            0 
3.3633e+12          0 8.9197e+01    37            0 
3.3904e+12          0 8.8485e+01    38            0 
3.4176e+12          0 8.7780e+01    39            0 
3.4451e+12          0 8.7080e+01    40            0 
3.4728e+12          0 8.6385e+01    41            0 
3.5007e+12          0 8.5697e+01    42            0 
3.5289e+12          0 8.5013e+01    43            0 
3.5572e+12          0 8.4335e+01    44            0 
3.5858e+12          0 8.3663e+01    45            0 
3.6146e+12          0 8.2996e+01    46            0 
3.6437e+12          0 8.2334e+01    47            0 
3.6730e+12          0 8.1677e+01    48            0 
3.7025e+12          0 8.1026e+01    49            0 
3.7323e+12          0 8.0380e+01    50            0 
3.7623e+12          0 7.9739e+01    51            0 
3.7925e+12          0 7.9103e+01    52            0 
3.8230e+12          0 7.8472e+01    53            0 
3.8537e+12          0 7.7846e+01    54            0 
3.8847e+12          0 7.7226e+01    55            0 
3.9160e+12          0 7.6610e+01    56            0 
3.9474e+12          0 7.5999e+01    57            0 
3.9792e+12          0 7.5393e+01    58            0 
4.0111e+12          0 7.4792e+01    59            0 
4.0434e+12          0 7.4195e+01    60            0 
4.0759e+12          0 7.3603e+01    61            0 
4.1087e+12          0 7.3017e+01    62            0 
4.1417e+12          0 7.2434e+01    63            0 
4.1750e+12          0 7.1857e+01    64            0 
4.2085e+12          0 7.1284e+01    65            0 
4.2424e+12          0 7.0715e+01    66            0 
4.2765e+12          0 7.0151e+01    67            0 
4.3108e+12          0 6.9592e+01    68            0 
4.3455e+12          0 6.9037e+01    69            0 
4.3804e+12          0 6.8486e+01    70            0 
4.4156e+12          0 6.7940e+01    71            0 
4.4511e+12          0 6.7398e+01    72            0 
4.4869e+12          0 6.6861e+01    73            0 
4.5230e+12          0 6.6328e+01    74            0 
4.5593e+12          0 6.5799e+01    75            0 
4.5960e+12          0 6.5274e+01    76            0 
4.6329e+12          0 6.4754e+01    77            0 
4.6702e+12          0 6.4237e+01    78            0 
4.7077e+12          0 6.3725e+01    79            0 
4.7456e+12          0 6.3217e+01    80            0 
4.7837e+12          0 6.2713e+01    81            0 
4.8222e+12          0 6.2213e+01    82            0 
4.8609e+12          0 6.1717e+01    83            0 
4.9000e+12          0 6.1224e+01    84            0 
4.9394e+12          0 6.0736e+01    85            0 
4.9791e+12          0 6.0252e+01    86            0 
5.0191e+12          0 5.9771e+01    87            0 
5.0595e+12          0 5.9295e+01    88            0 
5.1001e+12          0 5.8822e+01    89            0 
5.1411e+12          0 5.8353e+01    90            0 
5.1825e+12          0 5.7887e+01    91            0 
5.2241e+12          0 5.7426e+01    92            0 
5.2661e+12          0 5.6968e+01    93            0 
5.3085e+12          0 5.6514e+01    94            0 
5.3511e+12          0 5.6063e+01    95            0 
5.3941e+12          0 5.5616e+01    96            0 
5.4375e+12          0 5.5172e+01    97            0 
5.4812e+12          0 5.4732e+01    98            0 
5.5253e+12          0 5.4296e+01    99            0 
5.5697e+12          0 5.3863e+01   100            0 
5.6145e+12          0 5.3433e+01   101            0 
5.6596e+12          0 5.3007e+01   102            0 
5.7051e+12          0 5.2585e+01   103            0 
5.7509e+12          0 5.2165e+01   104            0 
5.7972e+12          0 5.1749e+01   105            0 
5.8438e+12          0 5.1337e+01   106            0 
5.8907e+12          0 5.0927e+01   107            0 
5.9381e+12          0 5.0521e+01   108            0 
5.9858e+12          0 5.0118e+01   109            0 
6.0340e+12          0 4.9719e+01   110            0 
6.0825e+12          0 4.9322e+01   111            0 
6.1314e+12          0 4.8929e+01   112            0 
6.1806e+12          0 4.8539e+01   113            0 
6.2303e+12          0 4.8152e+01   114            0 
6.2804e+12          0 4.7768e+01   115            0 
6.3309e+12          0 4.7387e+01   116            0 
6.3818e+12          0 4.7009e+01   117            0 
6.4331e+12          0 4.6634e+01   118            0 
6.4848e+12          0 4.6262e+01   119            0 
6.5369e+12          0 4.5893e+01   120            0 
6.5895e+12          0 4.5527e+01   121            0 
6.6424e+12          0 4.5164e+01   122            0 
6.6958e+12          0 4.4804e+01   123            0 
6.7497e+12          1 4.4447e+01   124            1 
6.8039e+12          0 4.4092e+01   125            1 
6.8586e+12          0 4.3741e+01   126            1 
6.9137e+12          0 4.3392e+01   127            1 
6.9693e+12          0 4.3046e+01   128            1 
7.0253e+12          0 4.2703e+01   129            1 
7.0818e+12          0 4.2362e+01   130            1 
7.1387e+12          0 4.2024e+01   131            1 
7.1961e+12          0 4.1689e+01   132            1 
7.2540e+12          0 4.1357e+01   133            1 
7.3123e+12          0 4.1027e+01   134            1 
7.3711e+12          0 4.0700e+01   135            1 
7.4303e+12          0 4.0375e+01   136            1 
7.4900e+12          0 4.0053e+01   137            1 
7.5502e+12          0 3.9734e+01   138            1 
7.6109e+12          0 3.9417e+01   139            1 
7.6721e+12          0 3.9103e+01   140            1 
7.7338e+12          0 3.8791e+01   141            1 
7.7960e+12          0 3.8481e+01   142            1 
7.8586e+12          0 3.8175e+01   143            1 
7.9218e+12          0 3.7870e+01   144            1 
7.9855e+12          0 3.7568e+01   145            1 
8.0497e+12          0 3.7269e+01   146            1 
8.1144e+12          0 3.6971e+01   147            1 
8.1796e+12          0 3.6677e+01   148            1 
8.2454e+12          0 3.6384e+01   149            1 
8.3116e+12          0 3.6094e+01   150            1 
8.3785e+12          0 3.5806e+01   151            1 
8.4458e+12          0 3.5521e+01   152            1 
8.5137e+12          1 3.5237e+01   153            2 
8.5821e+12          0 3.4956e+01   154            2 
8.6511e+12          0 3.4678e+01   155            2 
8.7207e+12          0 3.4401e+01   156            2 
8.7908e+12          0 3.4127e+01   157            2 
8.8614e+12          0 3.3855e+01   158            2 
8.9327e+12          0 3.3585e+01   159            2 
9.0045e+12          0 3.3317e+01   160            2 
9.0768e+12          0 3.3051e+01   161            2 
9.1498e+12          0 3.2788e+01   162            2 
9.2234e+12          0 3.2526e+01   163            2 
9.2975e+12          0 3.2267e+01   164            2 
9.3722e+12          0 3.2009e+01   165            2 
9.4476e+12          0 3.1754e+01   166            2 
9.5235e+12          0 3.1501e+01   167            2 
9.6001e+12          0 3.1250e+01   168            2 
9.6773e+12          0 3.1001e+01   169            2 
9.7550e+12          1 3.0753e+01   170            3 
9.8335e+12          0 3.0508e+01   171            3 
9.9125e+12          0 3.0265e+01   172            3 
9.9922e+12          0 3.0023e+01   173            3 
1.0073e+13          0 2.9784e+01   174            3 
1.0153e+13          0 2.9547e+01   175            3 
1.0235e+13          0 2.9311e+01   176            3 
1.0317e+13          0 2.9077e+01   177            3 
1.0400e+13          0 2.8845e+01   178            3 
1.0484e+13          0 2.8615e+01   179            3 
1.0568e+13          0 2.8387e+01   180            3 
1.0653e+13          0 2.8161e+01   181            3 
1.0739e+13          1 2.7936e+01   182            4 
1.0825e+13          0 2.7713e+01   183            4 
1.0912e+13          0 2.7492e+01   184            4 
1.1000e+13          0 2.7273e+01   185            4 
1.1088e+13          0 2.7056e+01   186            4 
1.1177e+13          0 2.6840e+01   187            4 
1.1267e+13          0 2.6626e+01   188            4 
1.1358e+13          0 2.6414e+01   189            4 
1.1449e+13          0 2.6203e+01   190            4 
1.1541e+13          1 2.5994e+01   191            5 
1.1634e+13          0 2.5787e+01   192            5 
1.1727e+13          0 2.5581e+01   193            5 
1.1822e+13          0 2.5377e+01   194            5 
1.1917e+13          0 2.5175e+01   195            5 
1.2013e+13          0 2.4974e+01   196            5 
1.2109e+13          0 2.4775e+01   197            5 
1.2206e+13          0 2.4577e+01   198            5 
1.2305e+13          1 2.4381e+01   199            6 
1.2403e+13          0 2.4187e+01   200            6 
1.2503e+13          0 2.3994e+01   201            6 
1.2604e+13          0 2.3803e+01   202            6 
1.2705e+13          0 2.3613e+01   203            6 
1.2807e+13          0 2.3424e+01   204            6 
1.2910e+13          1 2.3238e+01   205            7 
1.3014e+13          0 2.3052e+01   206            7 
1.3118e+13          0 2.2869e+01   207            7 
1.3224e+13          0 2.2686e+01   208            7 
1.3330e+13          0 2.2505e+01   209            7 
1.3437e+13          0 2.2326e+01   210            7 
1.3545e+13          1 2.2148e+01   211            8 
1.3654e+13          0 2.1971e+01   212            8 
1.3764e+13          0 2.1796e+01   213            8 
1.3875e+13          0 2.1622e+01   214            8 
1.3986e+13          0 2.1450e+01   215            8 
1.4099e+13          1 2.1279e+01   216            9 
1.4212e+13          0 2.1109e+01   217            9 
1.4326e+13          0 2.0941e+01   218            9 
1.4441e+13          0 2.0774e+01   219            9 
1.4557e+13          1 2.0608e+01   220           10 
1.4674e+13          0 2.0444e+01   221           10 
1.4792e+13          0 2.0281e+01   222           10 
1.4911e+13          0 2.0119e+01   223           10 
1.5031e+13          1 1.9958e+01   224           11 
1.5152e+13          0 1.9799e+01   225           11 
1.5274e+13          0 1.9641e+01   226           11 
1.5397e+13          0 1.9485e+01   227           11 
1.5520e+13          1 1.9329e+01   228           12 
1.5645e+13          0 1.9175e+01   229           12 
1.5771e+13          0 1.9022e+01   230           12 
1.5898e+13          1 1.8871e+01   231           13 
1.6025e+13          0 1.8720e+01   232           13 
1.6154e+13          0 1.8571e+01   233           13 
1.6284e+13          0 1.8423e+01   234           13 
1.6415e+13          1 1.8276e+01   235           14 
1.6547e+13          0 1.8130e+01   236           14 
1.6680e+13          1 1.7986e+01   237           15 
1.6814e+13          0 1.7842e+01   238           15 
1.6949e+13          0 1.7700e+01   239           15 
1.7085e+13          1 1.7559e+01   240           16 
1.7223e+13          0 1.7419e+01   241           16 
1.7361e+13          0 1.7280e+01   242           16 
1.7501e+13          1 1.7142e+01   243           17 
1.7642e+13          0 1.7005e+01   244           17 
1.7783e+13          1 1.6870e+01   245           18 
1.7926e+13          0 1.6735e+01   246           18 
1.8070e+13          1 1.6602e+01   247           19 
1.8216e+13          0 1.6469e+01   248           19 
1.8362e+13          0 1.6338e+01   249           19 
1.8510e+13          1 1.6208e+01   250           20 
1.8658e+13          0 1.6078e+01   251           20 
1.8808e+13          1 1.5950e+01   252           21 
1.8960e+13          0 1.5823e+01   253           21 
1.9112e+13          1 1.5697e+01   254           22 
1.9266e+13          1 1.5572e+01   255           23 
1.9421e+13          0 1.5448e+01   256           23 
1.9577e+13          1 1.5324e+01   257           24 
1.9734e+13          0 1.5202e+01   258           24 
1.9893e+13          1 1.5081e+01   259           25 
2.0053e+13          0 1.4961e+01   260           25 
2.0214e+13          1 1.4841e+01   261           26 
2.0376e+13          1 1.4723e+01   262           27 
2.0540e+13          0 1.4606e+01   263           27 
2.0705e+13          1 1.4489e+01   264           28 
2.0872e+13          1 1.4374e+01   265           29 
2.1039e+13          0 1.4259e+01   266           29 
2.1208e+13          1 1.4145e+01   267           30 
2.1379e+13          1 1.4032e+01   268           31 
2.1551e+13          1 1.3921e+01   269           32 
2.1724e+13          0 1.3810e+01   270           32 
2.1899e+13          1 1.3699e+01   271           33 
2.2075e+13          1 1.3590e+01   272           34 
2.2252e+13          1 1.3482e+01   273           35 
2.2431e+13          1 1.3374e+01   274           36 
2.2611e+13          1 1.3268e+01   275           37 
2.2793e+13          0 1.3162e+01   276           37 
2.2976e+13          1 1.3057e+01   277           38 
2.3161e+13          1 1.2953e+01   278           39 
2.3347e+13          1 1.2849e+01   279           40 
2.3535e+13          1 1.2747e+01   280           41 
2.3724e+13          1 1.2645e+01   281           42 
2.3915e+13          1 1.2545e+01   282           43 
2.4107e+13          1 1.2444e+01   283           44 
2.4301e+13          1 1.2345e+01   284           45 
2.4496e+13          2 1.2247e+01   285           47 
2.4693e+13          1 1.2149e+01   286           48 
2.4892e+13          1 1.2052e+01   287           49 
2.5092e+13          1 1.1956e+01   288           50 
2.5293e+13          1 1.1861e+01   289           51 
2.5497e+13          1 1.1766e+01   290           52 
2.5702e+13          2 1.1672e+01   291           54 
2.5908e+13          1 1.1579e+01   292           55 
2.6117e+13          1 1.1487e+01   293           56 
2.6326e+13          2 1.1395e+01   294           58 
2.6538e+13          1 1.1305e+01   295           59 
2.6751e+13          2 1.1214e+01   296           61 
2.6966e+13          1 1.1125e+01   297           62 
2.7183e+13          2 1.1036e+01   298           64 
2.7402e+13          1 1.0948e+01   299           65 
2.7622e+13          2 1.0861e+01   300           67 
2.7844e+13          1 1.0774e+01   301           68 
2.8068e+13          2 1.0688e+01   302           70 
2.8293e+13          2 1.0603e+01   303           72 
2.8521e+13          1 1.0519e+01   304           73 
2.8750e+13          2 1.0435e+01   305           75 
2.8981e+13          2 1.0352e+01   306           77 
2.9214e+13          2 1.0269e+01   307           79 
2.9449e+13          2 1.0187e+01   308           81 
2.9686e+13          2 1.0106e+01   309           83 
2.9924e+13          2 1.0025e+01   310           85 
3.0165e+13          2 9.9453e+00   311           87 
3.0407e+13          2 9.8660e+00   312           89 
3.0652e+13          2 9.7873e+00   313           91 
3.0898e+13          2 9.7093e+00   314           93 
3.1147e+13          2 9.6318e+00   315           95 
3.1397e+13          3 9.5550e+00   316           98 
3.1649e+13          2 9.4788e+00   317          100 
3.1904e+13          2 9.4033e+00   318          102 
3.2160e+13          3 9.3283e+00   319          105 
3.2419e+13          2 9.2539e+00   320          107 
3.2679e+13          3 9.1801e+00   321          110 
3.2942e+13          2 9.1069e+00   322          112 
3.3207e+13          3 9.0343e+00   323          115 
3.3474e+13          3 8.9622e+00   324          118 
3.3743e+13          3 8.8907e+00   325          121 
3.4014e+13          3 8.8198e+00   326          124 
3.4288e+13          3 8.7495e+00   327          127 
3.4563e+13          3 8.6797e+00   328          130 
3.4841e+13          3 8.6105e+00   329          133 
3.5121e+13          3 8.5419e+00   330          136 
3.5403e+13          3 8.4737e+00   331          139 
3.5688e+13          3 8.4062e+00   332          142 
3.5975e+13          4 8.3391e+00   333          146 
3.6264e+13          3 8.2726e+00   334          149 
3.6556e+13          4 8.2067e+00   335          153 
3.6849e+13          4 8.1412e+00   336          157 
3.7146e+13          3 8.0763e+00   337          160 
3.7444e+13          4 8.0119e+00   338          164 
3.7745e+13          4 7.9480e+00   339          168 
3.8049e+13          4 7.8846e+00   340          172 
3.8355e+13          4 7.8218e+00   341          176 
3.8663e+13          4 7.7594e+00   342          180 
3.8974e+13          5 7.6975e+00   343          185 
3.9287e+13          4 7.6361e+00   344          189 
3.9603e+13          5 7.5752e+00   345          194 
3.9921e+13          4 7.5148e+00   346          198 
4.0242e+13          5 7.4549e+00   347          203 
4.0565e+13          5 7.3954e+00   348          208 
4.0892e+13          5 7.3365e+00   349          213 
4.1220e+13          5 7.2780e+00   350          218 
4.1552e+13          5 7.2199e+00   351          223 
4.1886e+13          5 7.1624e+00   352          228 
4.2222e+13          6 7.1052e+00   353          234 
4.2562e+13          6 7.0486e+00   354          240 
4.2904e+13          5 6.9924e+00   355          245 
4.3249e+13          6 6.9366e+00   356          251 
4.3596e+13          6 6.8813e+00   357          257 
4.3947e+13          6 6.8264e+00   358          263 
4.4300e+13          6 6.7720e+00   359          269 
4.4656e+13          7 6.7180e+00   360          276 
4.5015e+13          6 6.6644e+00   361          282 
4.5377e+13          7 6.6113e+00   362          289 
4.5742e+13          7 6.5585e+00   363          296 
4.6110e+13          7 6.5062e+00   364          303 
4.6480e+13          7 6.4544e+00   365          310 
4.6854e+13          8 6.4029e+00   366          318 
4.7230e+13          7 6.3518e+00   367          325 
4.7610e+13          8 6.3012e+00   368          333 
4.7993e+13          8 6.2509e+00   369          341 
4.8379e+13          8 6.2011e+00   370          349 
4.8768e+13          8 6.1516e+00   371          357 
4.9160e+13          9 6.1026e+00   372          366 
4.9555e+13          8 6.0539e+00   373          374 
4.9953e+13          9 6.0056e+00   374          383 
5.0355e+13          9 5.9577e+00   375          392 
5.0759e+13         10 5.9102e+00   376          402 
5.1167e+13          9 5.8631e+00   377          411 
5.1579e+13         10 5.8164e+00   378          421 
5.1993e+13         10 5.7700e+00   379          431 
5.2411e+13         10 5.7240e+00   380          441 
5.2833e+13         10 5.6783e+00   381          451 
5.3257e+13         11 5.6330e+00   382          462 
5.3685e+13         11 5.5881e+00   383          473 
5.4117e+13         11 5.5436e+00   384          484 
5.4552e+13         12 5.4993e+00   385          496 
5.4990e+13         11 5.4555e+00   386          507 
5.5433e+13         12 5.4120e+00   387          519 
5.5878e+13         13 5.3688e+00   388          532 
5.6327e+13         12 5.3260e+00   389          544 
5.6780e+13         13 5.2835e+00   390          557 
5.7236e+13         13 5.2414e+00   391          570 
5.7697e+13         14 5.1996e+00   392          584 
5.8160e+13         13 5.1582e+00   393          597 
5.8628e+13         14 5.1170e+00   394          611 
5.9099e+13         15 5.0762e+00   395          626 
5.9574e+13         15 5.0357e+00   396          641 
6.0053e+13         15 4.9956e+00   397          656 
6.0536e+13         15 4.9557e+00   398          671 
6.1022e+13         16 4.9162e+00   399          687 
6.1513e+13         16 4.8770e+00   400          703 
6.2007e+13         17 4.8381e+00   401          720 
6.2506e+13         17 4.7995e+00   402          737 
6.3008e+13         17 4.7613e+00   403          754 
6.3515e+13         18 4.7233e+00   404          772 
6.4025e+13         18 4.6856e+00   405          790 
6.4540e+13         19 4.6483e+00   406          809 
6.5059e+13         19 4.6112e+00   407          828 
6.5582e+13         19 4.5744e+00   408          847 
6.6109e+13         20 4.5380e+00   409          867 
6.6641e+13         20 4.5018e+00   410          887 
6.7176e+13         21 4.4659e+00   411          908 
6.7716e+13         21 4.4303e+00   412          929 
6.8261e+13         22 4.3949e+00   413          951 
6.8809e+13         22 4.3599e+00   414          973 
6.9362e+13         23 4.3251e+00   415          996 
6.9920e+13         24 4.2906e+00   416         1020 
7.0482e+13         24 4.2564e+00   417         1044 
7.1049e+13         24 4.2225e+00   418         1068 
7.1620e+13         25 4.1888e+00   419         1093 
7.2195e+13         26 4.1554e+00   420         1119 
7.2776e+13         26 4.1223e+00   421         1145 
7.3361e+13         26 4.0894e+00   422         1171 
7.3950e+13         28 4.0568e+00   423         1199 
7.4545e+13         28 4.0244e+00   424         1227 
7.5144e+13         29 3.9923e+00   425         1256 
7.5748e+13         29 3.9605e+00   426         1285 
7.6357e+13         30 3.9289e+00   427         1315 
7.6971e+13         31 3.8976e+00   428         1346 
7.7590e+13         31 3.8665e+00   429         1377 
7.8213e+13         32 3.8357e+00   430         1409 
7.8842e+13         33 3.8051e+00   431         1442 
7.9476e+13         34 3.7747e+00   432         1476 
8.0115e+13         34 3.7446e+00   433         1510 
8.0759e+13         35 3.7148e+00   434         1545 
8.1408e+13         36 3.6851e+00   435         1581 
8.2062e+13         37 3.6558e+00   436         1618 
8.2722e+13         38 3.6266e+00   437         1656 
8.3387e+13         38 3.5977e+00   438         1694 
8.4057e+13         39 3.5690e+00   439         1733 
8.4733e+13         41 3.5405e+00   440         1774 
8.5414e+13         41 3.5123e+00   441         1815 
8.6101e+13         42 3.4843e+00   442         1857 
8.6793e+13         43 3.4565e+00   443         1900 
8.7490e+13         44 3.4289e+00   444         1944 
8.8194e+13         45 3.4016e+00   445         1989 
8.8903e+13         46 3.3745e+00   446         2035 
8.9617e+13         48 3.3476e+00   447         2083 
9.0338e+13         48 3.3209e+00   448         2131 
9.1064e+13         49 3.2944e+00   449         2180 
9.1796e+13         51 3.2681e+00   450         2231 
9.2534e+13         51 3.2421e+00   451         2282 
9.3278e+13         53 3.2162e+00   452         2335 
9.4027e+13         54 3.1906e+00   453         2389 
9.4783e+13         55 3.1651e+00   454         2444 
9.5545e+13         57 3.1399e+00   455         2501 
9.6313e+13         57 3.1148e+00   456         2558 
9.7087e+13         59 3.0900e+00   457         2617 
9.7868e+13         61 3.0654e+00   458         2678 
9.8655e+13         61 3.0409e+00   459         2739 
9.9448e+13         64 3.0167e+00   460         2803 
1.0025e+14         64 2.9926e+00   461         2867 
1.0105e+14         66 2.9687e+00   462         2933 
1.0187e+14         68 2.9451e+00   463         3001 
1.0268e+14         69 2.9216e+00   464         3070 
1.0351e+14         70 2.8983e+00   465         3140 
1.0434e+14         72 2.8752e+00   466         3212 
1.0518e+14         74 2.8522e+00   467         3286 
1.0603e+14         76 2.8295e+00   468         3362 
1.0688e+14         77 2.8069e+00   469         3439 
1.0774e+14         78 2.7846e+00   470         3517 
1.0860e+14         81 2.7623e+00   471         3598 
1.0948e+14         83 2.7403e+00   472         3681 
1.1036e+14         84 2.7185e+00   473         3765 
1.1124e+14         86 2.6968e+00   474         3851 
1.1214e+14         88 2.6753e+00   475         3939 
1.1304e+14         90 2.6540e+00   476         4029 
1.1395e+14         92 2.6328e+00   477         4121 
1.1486e+14         94 2.6118e+00   478         4215 
1.1579e+14         96 2.5910e+00   479         4311 
1.1672e+14         99 2.5703e+00   480         4410 
1.1766e+14        100 2.5498e+00   481         4510 
1.1860e+14        103 2.5295e+00   482         4613 
1.1956e+14        105 2.5093e+00   483         4718 
1.2052e+14        107 2.4893e+00   484         4825 
1.2148e+14        110 2.4694e+00   485         4935 
1.2246e+14        112 2.4498e+00   486         5047 
1.2345e+14        115 2.4302e+00   487         5162 
1.2444e+14        117 2.4108e+00   488         5279 
1.2544e+14        120 2.3916e+00   489         5399 
1.2645e+14        122 2.3725e+00   490         5521 
1.2746e+14        126 2.3536e+00   491         5647 
1.2849e+14        128 2.3349e+00   492         5775 
1.2952e+14        130 2.3162e+00   493         5905 
1.3056e+14        134 2.2978e+00   494         6039 
1.3161e+14        136 2.2794e+00   495         6175 
1.3267e+14        140 2.2613e+00   496         6315 
1.3374e+14        142 2.2432e+00   497         6457 
1.3481e+14        146 2.2253e+00   498         6603 
1.3589e+14        149 2.2076e+00   499         6752 
1.3699e+14        152 2.1900e+00   500         6904 
1.3809e+14        156 2.1725e+00   501         7060 
1.3920e+14        159 2.1552e+00   502         7219 
1.4032e+14        162 2.1380e+00   503         7381 
1.4145e+14        166 2.1210e+00   504         7547 
1.4258e+14        169 2.1041e+00   505         7716 
1.4373e+14        173 2.0873e+00   506         7889 
1.4488e+14        177 2.0706e+00   507         8066 
1.4605e+14        181 2.0541e+00   508         8247 
1.4722e+14        185 2.0377e+00   509         8432 
1.4841e+14        188 2.0215e+00   510         8620 
1.4960e+14        193 2.0054e+00   511         8813 
1.5080e+14        197 1.9894e+00   512         9010 
1.5201e+14        201 1.9735e+00   513         9211 
1.5324e+14        206 1.9578e+00   514         9417 
1.5447e+14        210 1.9422e+00   515         9627 
1.5571e+14        214 1.9267e+00   516         9841 
1.5696e+14        219 1.9113e+00   517        10060 
1.5822e+14        224 1.8961e+00   518        10284 
1.5949e+14        229 1.8809e+00   519        10513 
1.6078e+14        233 1.8659e+00   520        10746 
1.6207e+14        239 1.8511e+00   521        10985 
1.6337e+14        243 1.8363e+00   522        11228 
1.6468e+14        249 1.8217e+00   523        11477 
1.6601e+14        254 1.8071e+00   524        11731 
1.6734e+14        259 1.7927e+00   525        11990 
1.6869e+14        265 1.7784e+00   526        12255 
1.7004e+14        271 1.7642e+00   527        12526 
1.7141e+14        276 1.7502e+00   528        12802 
1.7279e+14        282 1.7362e+00   529        13084 
1.7418e+14        289 1.7224e+00   530        13373 
1.7558e+14        294 1.7086e+00   531        13667 
1.7699e+14        300 1.6950e+00   532        13967 
1.7841e+14        307 1.6815e+00   533        14274 
1.7985e+14        313 1.6681e+00   534        14587 
1.8129e+14        320 1.6548e+00   535        14907 
1.8275e+14        326 1.6416e+00   536        15233 
1.8422e+14        334 1.6285e+00   537        15567 
1.8570e+14        340 1.6155e+00   538        15907 
1.8719e+14        347 1.6026e+00   539        16254 
1.8870e+14        355 1.5899e+00   540        16609 
1.9021e+14        362 1.5772e+00   541        16971 
1.9174e+14        370 1.5646e+00   542        17341 
1.9328e+14        377 1.5521e+00   543        17718 
1.9484e+14        385 1.5397e+00   544        18103 
1.9640e+14        393 1.5275e+00   545        18496 
1.9798e+14        401 1.5153e+00   546        18897 
1.9957e+14        409 1.5032e+00   547        19306 
2.0118e+14        418 1.4912e+00   548        19724 
2.0280e+14        427 1.4793e+00   549        20151 
2.0443e+14        435 1.4675e+00   550        20586 
2.0607e+14        444 1.4558e+00   551        21030 
2.0773e+14        453 1.4442e+00   552        21483 
2.0940e+14        463 1.4327e+00   553        21946 
2.1108e+14        472 1.4213e+00   554        22418 
2.1278e+14        481 1.4099e+00   555        22899 
2.1449e+14        491 1.3987e+00   556        23390 
2.1621e+14        502 1.3875e+00   557        23892 
2.1795e+14        511 1.3765e+00   558        24403 
2.1970e+14        522 1.3655e+00   559        24925 
2.2147e+14        532 1.3546e+00   560        25457 
2.2325e+14        543 1.3438e+00   561        26000 
2.2504e+14        554 1.3331e+00   562        26554 
2.2685e+14        565 1.3225e+00   563        27119 
2.2867e+14        576 1.3119e+00   564        27695 
2.3051e+14        588 1.3015e+00   565        28283 
2.3236e+14        600 1.2911e+00   566        28883 
2.3423e+14        611 1.2808e+00   567        29494 
2.3611e+14        624 1.2706e+00   568        30118 
2.3801e+14        636 1.2604e+00   569        30754 
2.3993e+14        648 1.2504e+00   570        31402 
2.4185e+14        662 1.2404e+00   571        32064 
2.4380e+14        674 1.2305e+00   572        32738 
2.4576e+14        688 1.2207e+00   573        33426 
2.4773e+14        701 1.2110e+00   574        34127 
2.4973e+14        715 1.2013e+00   575        34842 
2.5173e+14        729 1.1917e+00   576        35571 
2.5376e+14        743 1.1822e+00   577        36314 
2.5580e+14        758 1.1728e+00   578        37072 
2.5785e+14        772 1.1635e+00   579        37844 
2.5993e+14        787 1.1542e+00   580        38631 
2.6201e+14        803 1.1450e+00   581        39434 
2.6412e+14        817 1.1358e+00   582        40251 
2.6624e+14        834 1.1268e+00   583        41085 
2.6838e+14        850 1.1178e+00   584        41935 
2.7054e+14        865 1.1089e+00   585        42800 
2.7272e+14        883 1.1000e+00   586        43683 
2.7491e+14        899 1.0913e+00   587        44582 
2.7712e+14        916 1.0826e+00   588        45498 
2.7935e+14        934 1.0739e+00   589        46432 
2.8159e+14        951 1.0654e+00   590        47383 
2.8386e+14        969 1.0569e+00   591        48352 
2.8614e+14        987 1.0484e+00   592        49339 
2.8844e+14       1006 1.0401e+00   593        50345 
2.9076e+14       1024 1.0318e+00   594        51369 
2.9309e+14       1044 1.0236e+00   595        52413 
2.9545e+14       1063 1.0154e+00   596        53476 
2.9782e+14       1083 1.0073e+00   597        54559 
3.0022e+14       1103 9.9927e-01   598        55662 
3.0263e+14       1123 9.9130e-01   599        56785 
3.0506e+14       1143 9.8340e-01   600        57928 
3.0752e+14       1165 9.7556e-01   601        59093 
3.0999e+14       1186 9.6778e-01   602        60279 
3.1248e+14       1207 9.6006e-01   603        61486 
3.1499e+14       1229 9.5240e-01   604        62715 
3.1752e+14       1252 9.4481e-01   605        63967 
3.2008e+14       1274 9.3728e-01   606        65241 
3.2265e+14       1297 9.2980e-01   607        66538 
3.2524e+14       1320 9.2239e-01   608        67858 
3.2786e+14       1344 9.1503e-01   609        69202 
3.3049e+14       1368 9.0773e-01   610        70570 
3.3315e+14       1392 9.0050e-01   611        71962 
3.3583e+14       1416 8.9331e-01   612        73378 
3.3853e+14       1441 8.8619e-01   613        74819 
3.4125e+14       1467 8.7912e-01   614        76286 
3.4399e+14       1492 8.7211e-01   615        77778 
3.4676e+14       1519 8.6516e-01   616        79297 
3.4954e+14       1544 8.5826e-01   617        80841 
3.5235e+14       1572 8.5142e-01   618        82413 
3.5519e+14       1598 8.4463e-01   619        84011 
3.5804e+14       1626 8.3789e-01   620        85637 
3.6092e+14       1653 8.3121e-01   621        87290 
3.6382e+14       1682 8.2458e-01   622        88972 
3.6675e+14       1710 8.1801e-01   623        90682 
3.6969e+14       1739 8.1148e-01   624        92421 
3.7267e+14       1768 8.0501e-01   625        94189 
3.7566e+14       1798 7.9859e-01   626        95987 
3.7868e+14       1827 7.9222e-01   627        97814 
3.8173e+14       1858 7.8591e-01   628        99672 
3.8479e+14       1889 7.7964e-01   629       101561 
3.8789e+14       1920 7.7342e-01   630       103481 
3.9100e+14       1951 7.6725e-01   631       105432 
3.9415e+14       1983 7.6114e-01   632       107415 
3.9732e+14       2015 7.5507e-01   633       109430 
4.0051e+14       2047 7.4904e-01   634       111477 
4.0373e+14       2081 7.4307e-01   635       113558 
4.0697e+14       2113 7.3715e-01   636       115671 
4.1025e+14       2148 7.3127e-01   637       117819 
4.1354e+14       2181 7.2544e-01   638       120000 
4.1687e+14       2215 7.1965e-01   639       122215 
4.2022e+14       2251 7.1391e-01   640       124466 
4.2360e+14       2285 7.0822e-01   641       126751 
4.2700e+14       2321 7.0257e-01   642       129072 
4.3043e+14       2356 6.9697e-01   643       131428 
4.3389e+14       2393 6.9141e-01   644       133821 
4.3738e+14       2429 6.8590e-01   645       136250 
4.4090e+14       2465 6.8043e-01   646       138715 
4.4444e+14       2503 6.7500e-01   647       141218 
4.4802e+14       2540 6.6962e-01   648       143758 
4.5162e+14       2579 6.6428e-01   649       146337 
4.5525e+14       2616 6.5898e-01   650       148953 
4.5891e+14       2655 6.5373e-01   651       151608 
4.6260e+14       2693 6.4851e-01   652       154301 
4.6631e+14       2733 6.4334e-01   653       157034 
4.7006e+14       2772 6.3821e-01   654       159806 
4.7384e+14       2811 6.3312e-01   655       162617 
4.7765e+14       2852 6.2807e-01   656       165469 
4.8149e+14       2892 6.2307e-01   657       168361 
4.8536e+14       2932 6.1810e-01   658       171293 
4.8926e+14       2974 6.1317e-01   659       174267 
4.9319e+14       3014 6.0828e-01   660       177281 
4.9716e+14       3056 6.0343e-01   661       180337 
5.0116e+14       3097 5.9862e-01   662       183434 
5.0518e+14       3140 5.9384e-01   663       186574 
5.0925e+14       3181 5.8911e-01   664       189755 
5.1334e+14       3224 5.8441e-01   665       192979 
5.1747e+14       3266 5.7975e-01   666       196245 
5.2163e+14       3310 5.7513e-01   667       199555 
5.2582e+14       3352 5.7054e-01   668       202907 
5.3004e+14       3395 5.6599e-01   669       206302 
5.3431e+14       3439 5.6148e-01   670       209741 
5.3860e+14       3482 5.5700e-01   671       213223 
5.4293e+14       3526 5.5256e-01   672       216749 
5.4729e+14       3569 5.4815e-01   673       220318 
5.5169e+14       3614 5.4378e-01   674       223932 
5.5613e+14       3658 5.3944e-01   675       227590 
5.6060e+14       3701 5.3514e-01   676       231291 
5.6511e+14       3747 5.3087e-01   677       235038 
5.6965e+14       3790 5.2664e-01   678       238828 
5.7423e+14       3835 5.2244e-01   679       242663 
5.7884e+14       3879 5.1827e-01   680       246542 
5.8350e+14       3924 5.1414e-01   681       250466 
5.8819e+14       3968 5.1004e-01   682       254434 
5.9291e+14       4013 5.0597e-01   683       258447 
5.9768e+14       4057 5.0194e-01   684       262504 
6.0249e+14       4102 4.9794e-01   685       266606 
6.0733e+14       4146 4.9397e-01   686       270752 
6.1221e+14       4190 4.9003e-01   687       274942 
6.1713e+14       4235 4.8612e-01   688       279177 
6.2209e+14       4279 4.8224e-01   689       283456 
6.2709e+14       4323 4.7840e-01   690       287779 
6.3213e+14       4367 4.7458e-01   691       292146 
6.3722e+14       4410 4.7080e-01   692       296556 
6.4234e+14       4454 4.6704e-01   693       301010 
6.4750e+14       4498 4.6332e-01   694       305508 
6.5271e+14       4540 4.5962e-01   695       310048 
6.5795e+14       4584 4.5596e-01   696       314632 
6.6324e+14       4626 4.5232e-01   697       319258 
6.6857e+14       4668 4.4872e-01   698       323926 
6.7395e+14       4710 4.4514e-01   699       328636 
6.7937e+14       4752 4.4159e-01   700       333388 
6.8483e+14       4794 4.3807e-01   701       338182 
6.9033e+14       4834 4.3457e-01   702       343016 
6.9588e+14       4875 4.3111e-01   703       347891 
7.0147e+14       4915 4.2767e-01   704       352806 
7.0711e+14       4955 4.2426e-01   705       357761 
7.1280e+14       4994 4.2088e-01   706       362755 
7.1853e+14       5033 4.1752e-01   707       367788 
7.2430e+14       5071 4.1419e-01   708       372859 
7.3013e+14       5108 4.1089e-01   709       377967 
7.3599e+14       5146 4.0761e-01   710       383113 
7.4191e+14       5182 4.0436e-01   711       388295 
7.4787e+14       5218 4.0114e-01   712       393513 
7.5389e+14       5254 3.9794e-01   713       398767 
7.5995e+14       5288 3.9476e-01   714       404055 
7.6606e+14       5321 3.9162e-01   715       409376 
7.7221e+14       5355 3.8849e-01   716       414731 
7.7842e+14       5388 3.8540e-01   717       420119 
7.8468e+14       5419 3.8232e-01   718       425538 
7.9099e+14       5450 3.7927e-01   719       430988 
7.9734e+14       5480 3.7625e-01   720       436468 
8.0375e+14       5509 3.7325e-01   721       441977 
8.1021e+14       5537 3.7027e-01   722       447514 
8.1673e+14       5565 3.6732e-01   723       453079 
8.2329e+14       5591 3.6439e-01   724       458670 
8.2991e+14       5617 3.6148e-01   725       464287 
8.3658e+14       5641 3.5860e-01   726       469928 
8.4331e+14       5665 3.5574e-01   727       475593 
8.5009e+14       5688 3.5291e-01   728       481281 
8.5692e+14       5708 3.5009e-01   729       486989 
8.6381e+14       5730 3.4730e-01   730       492719 
8.7075e+14       5748 3.4453e-01   731       498467 
8.7775e+14       5767 3.4178e-01   732       504234 
8.8481e+14       5784 3.3906e-01   733       510018 
8.9192e+14       5800 3.3635e-01   734       515818 
8.9909e+14       5815 3.3367e-01   735       521633 
9.0632e+14       5828 3.3101e-01   736       527461 
9.1360e+14       5840 3.2837e-01   737       533301 
9.2095e+14       5852 3.2575e-01   738       539153 
9.2835e+14       5861 3.2315e-01   739       545014 
9.3581e+14       5870 3.2058e-01   740       550884 
9.4333e+14       5877 3.1802e-01   741       556761 
9.5092e+14       5883 3.1549e-01   742       562644 
9.5856e+14       5887 3.1297e-01   743       568531 
9.6627e+14       5891 3.1047e-01   744       574422 
9.7403e+14       5892 3.0800e-01   745       580314 
9.8186e+14       5893 3.0554e-01   746       586207 
9.8976e+14       5892 3.0311e-01   747       592099 
9.9771e+14       5890 3.0069e-01   748       597989 
1.0057e+15       5886 2.9829e-01   749       603875 
1.0138e+15       5881 2.9591e-01   750       609756 
1.0220e+15       5874 2.9355e-01   751       615630 
1.0302e+15       5866 2.9121e-01   752       621496 
1.0385e+15       5857 2.8889e-01   753       627353 
1.0468e+15       5845 2.8658e-01   754       633198 
1.0552e+15       5834 2.8430e-01   755       639032 
1.0637e+15       5819 2.8203e-01   756       644851 
1.0723e+15       5804 2.7978e-01   757       650655 
1.0809e+15       5787 2.7755e-01   758       656442 
1.0896e+15       5768 2.7534e-01   759       662210 
1.0983e+15       5749 2.7314e-01   760       667959 
1.1072e+15       5728 2.7097e-01   761       673687 
1.1161e+15       5704 2.6880e-01   762       679391 
1.1250e+15       5681 2.6666e-01   763       685072 
1.1341e+15       5655 2.6453e-01   764       690727 
1.1432e+15       5628 2.6242e-01   765       696355 
1.1524e+15       5599 2.6033e-01   766       701954 
1.1616e+15       5569 2.5826e-01   767       707523 
1.1710e+15       5537 2.5620e-01   768       713060 
1.1804e+15       5505 2.5415e-01   769       718565 
1.1899e+15       5470 2.5213e-01   770       724035 
1.1994e+15       5435 2.5012e-01   771       729470 
1.2091e+15       5398 2.4812e-01   772       734868 
1.2188e+15       5359 2.4614e-01   773       740227 
1.2286e+15       5320 2.4418e-01   774       745547 
1.2385e+15       5278 2.4223e-01   775       750825 
1.2484e+15       5236 2.4030e-01   776       756061 
1.2585e+15       5193 2.3839e-01   777       761254 
1.2686e+15       5147 2.3648e-01   778       766401 
1.2788e+15       5102 2.3460e-01   779       771503 
1.2891e+15       5054 2.3273e-01   780       776557 
1.2994e+15       5006 2.3087e-01   781       781563 
1.3099e+15       4956 2.2903e-01   782       786519 
1.3204e+15       4905 2.2720e-01   783       791424 
1.3310e+15       4853 2.2539e-01   784       796277 
1.3417e+15       4801 2.2360e-01   785       801078 
1.3525e+15       4746 2.2181e-01   786       805824 
1.3634e+15       4692 2.2004e-01   787       810516 
1.3743e+15       4636 2.1829e-01   788       815152 
1.3854e+15       4579 2.1655e-01   789       819731 
1.3965e+15       4521 2.1482e-01   790       824252 
1.4077e+15       4463 2.1311e-01   791       828715 
1.4191e+15       4403 2.1141e-01   792       833118 
1.4305e+15       4344 2.0972e-01   793       837462 
1.4420e+15       4282 2.0805e-01   794       841744 
1.4535e+15       4221 2.0639e-01   795       845965 
1.4652e+15       4159 2.0475e-01   796       850124 
1.4770e+15       4097 2.0311e-01   797       854221 
1.4889e+15       4033 2.0149e-01   798       858254 
1.5009e+15       3969 1.9989e-01   799       862223 
1.5129e+15       3905 1.9829e-01   800       866128 
1.5251e+15       3840 1.9671e-01   801       869968 
1.5373e+15       3775 1.9514e-01   802       873743 
1.5497e+15       3709 1.9359e-01   803       877452 
1.5622e+15       3644 1.9204e-01   804       881096 
1.5747e+15       3578 1.9051e-01   805       884674 
1.5874e+15       3512 1.8899e-01   806       888186 
1.6001e+15       3445 1.8748e-01   807       891631 
1.6130e+15       3379 1.8599e-01   808       895010 
1.6260e+15       3312 1.8451e-01   809       898322 
1.6390e+15       3245 1.8304e-01   810       901567 
1.6522e+15       3179 1.8158e-01   811       904746 
1.6655e+15       3113 1.8013e-01   812       907859 
1.6789e+15       3046 1.7869e-01   813       910905 
1.6924e+15       2980 1.7727e-01   814       913885 
1.7060e+15       2914 1.7585e-01   815       916799 
1.7197e+15       2847 1.7445e-01   816       919646 
1.7335e+15       2783 1.7306e-01   817       922429 
1.7474e+15       2717 1.7168e-01   818       925146 
1.7615e+15       2652 1.7031e-01   819       927798 
1.7757e+15       2587 1.6895e-01   820       930385 
1.7899e+15       2523 1.6760e-01   821       932908 
1.8043e+15       2460 1.6627e-01   822       935368 
1.8188e+15       2397 1.6494e-01   823       937765 
1.8334e+15       2334 1.6363e-01   824       940099 
1.8482e+15       2272 1.6232e-01   825       942371 
1.8630e+15       2210 1.6103e-01   826       944581 
1.8780e+15       2150 1.5974e-01   827       946731 
1.8931e+15       2089 1.5847e-01   828       948820 
1.9083e+15       2031 1.5721e-01   829       950851 
1.9237e+15       1971 1.5595e-01   830       952822 
1.9391e+15       1914 1.5471e-01   831       954736 
1.9547e+15       1856 1.5348e-01   832       956592 
1.9704e+15       1800 1.5225e-01   833       958392 
1.9863e+15       1745 1.5104e-01   834       960137 
2.0022e+15       1689 1.4983e-01   835       961826 
2.0183e+15       1636 1.4864e-01   836       963462 
2.0346e+15       1584 1.4745e-01   837       965046 
2.0509e+15       1531 1.4628e-01   838       966577 
2.0674e+15       1480 1.4511e-01   839       968057 
2.0840e+15       1430 1.4395e-01   840       969487 
2.1008e+15       1381 1.4281e-01   841       970868 
2.1177e+15       1333 1.4167e-01   842       972201 
2.1347e+15       1285 1.4054e-01   843       973486 
2.1518e+15       1239 1.3942e-01   844       974725 
2.1691e+15       1194 1.3830e-01   845       975919 
2.1866e+15       1150 1.3720e-01   846       977069 
2.2041e+15       1107 1.3611e-01   847       978176 
2.2219e+15       1065 1.3502e-01   848       979241 
2.2397e+15       1023 1.3395e-01   849       980264 
2.2577e+15        984 1.3288e-01   850       981248 
2.2759e+15        944 1.3182e-01   851       982192 
2.2942e+15        906 1.3077e-01   852       983098 
2.3126e+15        870 1.2972e-01   853       983968 
2.3312e+15        833 1.2869e-01   854       984801 
2.3499e+15        798 1.2766e-01   855       985599 
2.3688e+15        764 1.2664e-01   856       986363 
2.3879e+15        732 1.2563e-01   857       987095 
2.4071e+15        699 1.2463e-01   858       987794 
2.4264e+15        668 1.2364e-01   859       988462 
2.4459e+15        638 1.2265e-01   860       989100 
2.4656e+15        610 1.2167e-01   861       989710 
2.4854e+15        581 1.2070e-01   862       990291 
2.5054e+15        554 1.1974e-01   863       990845 
2.5255e+15        527 1.1879e-01   864       991372 
2.5458e+15        503 1.1784e-01   865       991875 
2.5663e+15        478 1.1690e-01   866       992353 
2.5869e+15        454 1.1597e-01   867       992807 
2.6077e+15        432 1.1504e-01   868       993239 
2.6287e+15        410 1.1413e-01   869       993649 
2.6498e+15        389 1.1322e-01   870       994038 
2.6711e+15        369 1.1231e-01   871       994407 
2.6926e+15        350 1.1142e-01   872       994757 
2.7142e+15        331 1.1053e-01   873       995088 
2.7360e+15        313 1.0965e-01   874       995401 
2.7580e+15        296 1.0877e-01   875       995697 
2.7802e+15        280 1.0791e-01   876       995977 
2.8026e+15        265 1.0705e-01   877       996242 
2.8251e+15        249 1.0619e-01   878       996491 
2.8478e+15        235 1.0534e-01   879       996726 
2.8707e+15        222 1.0450e-01   880       996948 
2.8938e+15        209 1.0367e-01   881       997157 
2.9170e+15        196 1.0284e-01   882       997353 
2.9405e+15        184 1.0202e-01   883       997537 
2.9641e+15        174 1.0121e-01   884       997711 
2.9879e+15        163 1.0040e-01   885       997874 
3.0120e+15        152 9.9603e-02   886       998026 
3.0362e+15        143 9.8809e-02   887       998169 
3.0606e+15        134 9.8021e-02   888       998303 
3.0852e+15        126 9.7239e-02   889       998429 
3.1100e+15        117 9.6464e-02   890       998546 
3.1350e+15        110 9.5695e-02   891       998656 
3.1602e+15        102 9.4932e-02   892       998758 
3.1856e+15         95 9.4175e-02   893       998853 
3.2112e+15         89 9.3424e-02   894       998942 
3.2370e+15         83 9.2679e-02   895       999025 
3.2630e+15         77 9.1939e-02   896       999102 
3.2892e+15         72 9.1206e-02   897       999174 
3.3157e+15         66 9.0479e-02   898       999240 
3.3423e+15         62 8.9757e-02   899       999302 
3.3692e+15         57 8.9042e-02   900       999359 
3.3963e+15         53 8.8332e-02   901       999412 
3.4236e+15         50 8.7627e-02   902       999462 
3.4511e+15         45 8.6929e-02   903       999507 
3.4789e+15         42 8.6235e-02   904       999549 
3.5068e+15         39 8.5548e-02   905       999588 
3.5350e+15         36 8.4865e-02   906       999624 
3.5634e+15         33 8.4189e-02   907       999657 
3.5921e+15         30 8.3517e-02   908       999687 
3.6209e+15         28 8.2851e-02   909       999715 
3.6501e+15         26 8.2191e-02   910       999741 
3.6794e+15         23 8.1535e-02   911       999764 
3.7090e+15         22 8.0885e-02   912       999786 
3.7388e+15         20 8.0240e-02   913       999806 
3.7688e+15         18 7.9600e-02   914       999824 
3.7991e+15         16 7.8965e-02   915       999840 
3.8297e+15         16 7.8336e-02   916       999856 
3.8605e+15         13 7.7711e-02   917       999869 
3.8915e+15         13 7.7091e-02   918       999882 
3.9228e+15         12 7.6477e-02   919       999894 
3.9543e+15         10 7.5867e-02   920       999904 
3.9861e+15         10 7.5262e-02   921       999914 
4.0181e+15          8 7.4662e-02   922       999922 
4.0504e+15          8 7.4066e-02   923       999930 
4.0830e+15          7 7.3476e-02   924       999937 
4.1158e+15          7 7.2890e-02   925       999944 
4.1489e+15          5 7.2308e-02   926       999949 
4.1822e+15          6 7.1732e-02   927       999955 
4.2159e+15          5 7.1160e-02   928       999960 
4.2498e+15          4 7.0592e-02   929       999964 
4.2839e+15          4 7.0029e-02   930       999968 
4.3184e+15          3 6.9471e-02   931       999971 
4.3531e+15          3 6.8917e-02   932       999974 
4.3881e+15          3 6.8367e-02   933       999977 
4.4233e+15          3 6.7822e-02   934       999980 
4.4589e+15          2 6.7281e-02   935       999982 
4.4947e+15          2 6.6745e-02   936       999984 
4.5309e+15          2 6.6213e-02   937       999986 
4.5673e+15          1 6.5685e-02   938       999987 
4.6040e+15          2 6.5161e-02   939       999989 
4.6410e+15          1 6.4641e-02   940       999990 
4.6783e+15          1 6.4126e-02   941       999991 
4.7159e+15          1 6.3614e-02   942       999992 
4.7538e+15          1 6.3107e-02   943       999993 
4.7920e+15          1 6.2604e-02   944       999994 
4.8306e+15          1 6.2105e-02   945       999995 
4.8694e+15          0 6.1609e-02   946       999995 
4.9085e+15          1 6.1118e-02   947       999996 
4.9480e+15          0 6.0631e-02   948       999996 
4.9878e+15          1 6.0147e-02   949       999997 
5.0279e+15          0 5.9667e-02   950       999997 
5.0683e+15          0 5.9192e-02   951       999997 
5.1090e+15          1 5.8720e-02   952       999998 
5.1501e+15          0 5.8251e-02   953       999998 
5.1915e+15          0 5.7787e-02   954       999998 
5.2332e+15          0 5.7326e-02   955       999998 
5.2753e+15          0 5.6869e-02   956       999998 
5.3177e+15          1 5.6415e-02   957       999999 
5.3604e+15          0 5.5966e-02   958       999999 
5.4035e+15          0 5.5519e-02   959       999999 
5.4470e+15          0 5.5076e-02   960       999999 
5.4908e+15          0 5.4637e-02   961       999999 
5.5349e+15          0 5.4202e-02   962       999999 
5.5794e+15          0 5.3769e-02   963       999999 
5.6242e+15          0 5.3341e-02   964       999999 
5.6694e+15          0 5.2915e-02   965       999999 
5.7150e+15          0 5.2493e-02   966       999999 
5.7610e+15          0 5.2075e-02   967       999999 
5.8073e+15          0 5.1659e-02   968       999999 
5.8540e+15          0 5.1247e-02   969       999999 
5.9010e+15          0 5.0839e-02   970       999999 
5.9484e+15          0 5.0433e-02   971       999999 
5.9963e+15          0 5.0031e-02   972       999999 
6.0445e+15          0 4.9632e-02   973       999999 
6.0930e+15          0 4.9236e-02   974       999999 
6.1420e+15          0 4.8844e-02   975       999999 
6.1914e+15          0 4.8454e-02   976       999999 
6.2412e+15          0 4.8068e-02   977       999999 
6.2913e+15          0 4.7685e-02   978       999999 
6.3419e+15          0 4.7304e-02   979       999999 
6.3929e+15          0 4.6927e-02   980       999999 
6.4443e+15          0 4.6553e-02   981       999999 
6.4961e+15          0 4.6182e-02   982       999999 
6.5483e+15          0 4.5813e-02   983       999999 
6.6009e+15          0 4.5448e-02   984       999999 
6.6540e+15          0 4.5086e-02   985       999999 
6.7075e+15          0 4.4726e-02   986       999999 
6.7614e+15          0 4.4369e-02   987       999999 
6.8158e+15          0 4.4016e-02   988       999999 
6.8705e+15          0 4.3665e-02   989       999999 
6.9258e+15          0 4.3316e-02   990       999999 
6.9815e+15          0 4.2971e-02   991       999999 
7.0376e+15          0 4.2628e-02   992       999999 
7.0941e+15          0 4.2288e-02   993       999999 
7.1512e+15          1 4.1951e-02   994      1000000 
7.2087e+15          0 4.1617e-02   995      1000000 
7.2666e+15          0 4.1285e-02   996      1000000 
7.3250e+15          0 4.0956e-02   997      1000000 
7.3839e+15          0 4.0629e-02   998      1000000 
7.4433e+15          0 4.0305e-02   999      1000000 

(source 0) Total Number of Photons 1000000
